1.700000000000000000e+03 5.000000000000000000e+00
1.701000000000000000e+03 1.100000000000000000e+01
1.702000000000000000e+03 1.600000000000000000e+01
1.703000000000000000e+03 2.300000000000000000e+01
1.704000000000000000e+03 3.600000000000000000e+01
1.705000000000000000e+03 5.800000000000000000e+01
1.706000000000000000e+03 2.900000000000000000e+01
1.707000000000000000e+03 2.000000000000000000e+01
1.708000000000000000e+03 1.000000000000000000e+01
1.709000000000000000e+03 8.000000000000000000e+00
1.710000000000000000e+03 3.000000000000000000e+00
1.711000000000000000e+03 0.000000000000000000e+00
1.712000000000000000e+03 0.000000000000000000e+00
1.713000000000000000e+03 2.000000000000000000e+00
1.714000000000000000e+03 1.100000000000000000e+01
1.715000000000000000e+03 2.700000000000000000e+01
1.716000000000000000e+03 4.700000000000000000e+01
1.717000000000000000e+03 6.300000000000000000e+01
1.718000000000000000e+03 6.000000000000000000e+01
1.719000000000000000e+03 3.900000000000000000e+01
1.720000000000000000e+03 2.800000000000000000e+01
1.721000000000000000e+03 2.600000000000000000e+01
1.722000000000000000e+03 2.200000000000000000e+01
1.723000000000000000e+03 1.100000000000000000e+01
1.724000000000000000e+03 2.100000000000000000e+01
1.725000000000000000e+03 4.000000000000000000e+01
1.726000000000000000e+03 7.800000000000000000e+01
1.727000000000000000e+03 1.220000000000000000e+02
1.728000000000000000e+03 1.030000000000000000e+02
1.729000000000000000e+03 7.300000000000000000e+01
1.730000000000000000e+03 4.700000000000000000e+01
1.731000000000000000e+03 3.500000000000000000e+01
1.732000000000000000e+03 1.100000000000000000e+01
1.733000000000000000e+03 5.000000000000000000e+00
1.734000000000000000e+03 1.600000000000000000e+01
1.735000000000000000e+03 3.400000000000000000e+01
1.736000000000000000e+03 7.000000000000000000e+01
1.737000000000000000e+03 8.100000000000000000e+01
1.738000000000000000e+03 1.110000000000000000e+02
1.739000000000000000e+03 1.010000000000000000e+02
1.740000000000000000e+03 7.300000000000000000e+01
1.741000000000000000e+03 4.000000000000000000e+01
1.742000000000000000e+03 2.000000000000000000e+01
1.743000000000000000e+03 1.600000000000000000e+01
1.744000000000000000e+03 5.000000000000000000e+00
1.745000000000000000e+03 1.100000000000000000e+01
1.746000000000000000e+03 2.200000000000000000e+01
1.747000000000000000e+03 4.000000000000000000e+01
1.748000000000000000e+03 6.000000000000000000e+01
1.749000000000000000e+03 8.100000000000000000e+01
1.750000000000000000e+03 8.300000000000000000e+01
1.751000000000000000e+03 4.800000000000000000e+01
1.752000000000000000e+03 4.800000000000000000e+01
1.753000000000000000e+03 3.100000000000000000e+01
1.754000000000000000e+03 1.200000000000000000e+01
1.755000000000000000e+03 1.000000000000000000e+01
1.756000000000000000e+03 1.000000000000000000e+01
1.757000000000000000e+03 3.200000000000000000e+01
1.758000000000000000e+03 4.800000000000000000e+01
1.759000000000000000e+03 5.400000000000000000e+01
1.760000000000000000e+03 6.300000000000000000e+01
1.761000000000000000e+03 8.600000000000000000e+01
1.762000000000000000e+03 6.100000000000000000e+01
1.763000000000000000e+03 4.500000000000000000e+01
1.764000000000000000e+03 3.600000000000000000e+01
1.765000000000000000e+03 2.100000000000000000e+01
1.766000000000000000e+03 1.100000000000000000e+01
1.767000000000000000e+03 3.800000000000000000e+01
1.768000000000000000e+03 7.000000000000000000e+01
1.769000000000000000e+03 1.060000000000000000e+02
1.770000000000000000e+03 1.010000000000000000e+02
1.771000000000000000e+03 8.200000000000000000e+01
1.772000000000000000e+03 6.700000000000000000e+01
1.773000000000000000e+03 3.500000000000000000e+01
1.774000000000000000e+03 3.100000000000000000e+01
1.775000000000000000e+03 7.000000000000000000e+00
1.776000000000000000e+03 2.000000000000000000e+01
1.777000000000000000e+03 9.300000000000000000e+01
1.778000000000000000e+03 1.540000000000000000e+02
1.779000000000000000e+03 1.260000000000000000e+02
1.780000000000000000e+03 8.500000000000000000e+01
1.781000000000000000e+03 6.800000000000000000e+01
1.782000000000000000e+03 3.900000000000000000e+01
1.783000000000000000e+03 2.300000000000000000e+01
1.784000000000000000e+03 1.000000000000000000e+01
1.785000000000000000e+03 2.400000000000000000e+01
1.786000000000000000e+03 8.300000000000000000e+01
1.787000000000000000e+03 1.320000000000000000e+02
1.788000000000000000e+03 1.310000000000000000e+02
1.789000000000000000e+03 1.180000000000000000e+02
1.790000000000000000e+03 9.000000000000000000e+01
1.791000000000000000e+03 6.700000000000000000e+01
1.792000000000000000e+03 6.000000000000000000e+01
1.793000000000000000e+03 4.700000000000000000e+01
1.794000000000000000e+03 4.100000000000000000e+01
1.795000000000000000e+03 2.100000000000000000e+01
1.796000000000000000e+03 1.600000000000000000e+01
1.797000000000000000e+03 6.000000000000000000e+00
1.798000000000000000e+03 4.000000000000000000e+00
1.799000000000000000e+03 7.000000000000000000e+00
1.800000000000000000e+03 1.500000000000000000e+01
1.801000000000000000e+03 3.400000000000000000e+01
1.802000000000000000e+03 4.500000000000000000e+01
1.803000000000000000e+03 4.300000000000000000e+01
1.804000000000000000e+03 4.800000000000000000e+01
1.805000000000000000e+03 4.200000000000000000e+01
1.806000000000000000e+03 2.800000000000000000e+01
1.807000000000000000e+03 1.000000000000000000e+01
1.808000000000000000e+03 8.000000000000000000e+00
1.809000000000000000e+03 3.000000000000000000e+00
1.810000000000000000e+03 0.000000000000000000e+00
1.811000000000000000e+03 1.000000000000000000e+00
1.812000000000000000e+03 5.000000000000000000e+00
1.813000000000000000e+03 1.200000000000000000e+01
1.814000000000000000e+03 1.400000000000000000e+01
1.815000000000000000e+03 3.500000000000000000e+01
1.816000000000000000e+03 4.600000000000000000e+01
1.817000000000000000e+03 4.100000000000000000e+01
1.818000000000000000e+03 3.000000000000000000e+01
1.819000000000000000e+03 2.400000000000000000e+01
1.820000000000000000e+03 1.600000000000000000e+01
1.821000000000000000e+03 7.000000000000000000e+00
1.822000000000000000e+03 4.000000000000000000e+00
1.823000000000000000e+03 2.000000000000000000e+00
1.824000000000000000e+03 9.000000000000000000e+00
1.825000000000000000e+03 1.700000000000000000e+01
1.826000000000000000e+03 3.600000000000000000e+01
1.827000000000000000e+03 5.000000000000000000e+01
1.828000000000000000e+03 6.400000000000000000e+01
1.829000000000000000e+03 6.700000000000000000e+01
1.830000000000000000e+03 7.100000000000000000e+01
1.831000000000000000e+03 4.800000000000000000e+01
1.832000000000000000e+03 2.800000000000000000e+01
1.833000000000000000e+03 9.000000000000000000e+00
1.834000000000000000e+03 1.300000000000000000e+01
1.835000000000000000e+03 5.700000000000000000e+01
1.836000000000000000e+03 1.220000000000000000e+02
1.837000000000000000e+03 1.380000000000000000e+02
1.838000000000000000e+03 1.030000000000000000e+02
1.839000000000000000e+03 8.600000000000000000e+01
1.840000000000000000e+03 6.500000000000000000e+01
1.841000000000000000e+03 3.700000000000000000e+01
1.842000000000000000e+03 2.400000000000000000e+01
1.843000000000000000e+03 1.100000000000000000e+01
1.844000000000000000e+03 1.500000000000000000e+01
1.845000000000000000e+03 4.000000000000000000e+01
1.846000000000000000e+03 6.200000000000000000e+01
1.847000000000000000e+03 9.900000000000000000e+01
1.848000000000000000e+03 1.250000000000000000e+02
1.849000000000000000e+03 9.600000000000000000e+01
1.850000000000000000e+03 6.700000000000000000e+01
1.851000000000000000e+03 6.500000000000000000e+01
1.852000000000000000e+03 5.400000000000000000e+01
1.853000000000000000e+03 3.900000000000000000e+01
1.854000000000000000e+03 2.100000000000000000e+01
1.855000000000000000e+03 7.000000000000000000e+00
1.856000000000000000e+03 4.000000000000000000e+00
1.857000000000000000e+03 2.300000000000000000e+01
1.858000000000000000e+03 5.500000000000000000e+01
1.859000000000000000e+03 9.400000000000000000e+01
1.860000000000000000e+03 9.600000000000000000e+01
1.861000000000000000e+03 7.700000000000000000e+01
1.862000000000000000e+03 5.900000000000000000e+01
1.863000000000000000e+03 4.400000000000000000e+01
1.864000000000000000e+03 4.700000000000000000e+01
1.865000000000000000e+03 3.100000000000000000e+01
1.866000000000000000e+03 1.600000000000000000e+01
1.867000000000000000e+03 7.000000000000000000e+00
1.868000000000000000e+03 3.800000000000000000e+01
1.869000000000000000e+03 7.400000000000000000e+01
1.870000000000000000e+03 1.390000000000000000e+02
1.871000000000000000e+03 1.110000000000000000e+02
1.872000000000000000e+03 1.020000000000000000e+02
1.873000000000000000e+03 6.600000000000000000e+01
1.874000000000000000e+03 4.500000000000000000e+01
1.875000000000000000e+03 1.700000000000000000e+01
1.876000000000000000e+03 1.100000000000000000e+01
1.877000000000000000e+03 1.200000000000000000e+01
1.878000000000000000e+03 3.000000000000000000e+00
1.879000000000000000e+03 6.000000000000000000e+00
1.880000000000000000e+03 3.200000000000000000e+01
1.881000000000000000e+03 5.400000000000000000e+01
1.882000000000000000e+03 6.000000000000000000e+01
1.883000000000000000e+03 6.400000000000000000e+01
1.884000000000000000e+03 6.400000000000000000e+01
1.885000000000000000e+03 5.200000000000000000e+01
1.886000000000000000e+03 2.500000000000000000e+01
1.887000000000000000e+03 1.300000000000000000e+01
1.888000000000000000e+03 7.000000000000000000e+00
1.889000000000000000e+03 6.000000000000000000e+00
1.890000000000000000e+03 7.000000000000000000e+00
1.891000000000000000e+03 3.600000000000000000e+01
1.892000000000000000e+03 7.300000000000000000e+01
1.893000000000000000e+03 8.500000000000000000e+01
1.894000000000000000e+03 7.800000000000000000e+01
1.895000000000000000e+03 6.400000000000000000e+01
1.896000000000000000e+03 4.200000000000000000e+01
1.897000000000000000e+03 2.600000000000000000e+01
1.898000000000000000e+03 2.700000000000000000e+01
1.899000000000000000e+03 1.200000000000000000e+01
1.900000000000000000e+03 1.000000000000000000e+01
1.901000000000000000e+03 3.000000000000000000e+00
1.902000000000000000e+03 5.000000000000000000e+00
1.903000000000000000e+03 2.400000000000000000e+01
1.904000000000000000e+03 4.200000000000000000e+01
1.905000000000000000e+03 6.400000000000000000e+01
1.906000000000000000e+03 5.400000000000000000e+01
1.907000000000000000e+03 6.200000000000000000e+01
1.908000000000000000e+03 4.900000000000000000e+01
1.909000000000000000e+03 4.400000000000000000e+01
1.910000000000000000e+03 1.900000000000000000e+01
1.911000000000000000e+03 6.000000000000000000e+00
1.912000000000000000e+03 4.000000000000000000e+00
1.913000000000000000e+03 1.000000000000000000e+00
1.914000000000000000e+03 1.000000000000000000e+01
1.915000000000000000e+03 4.700000000000000000e+01
1.916000000000000000e+03 5.700000000000000000e+01
1.917000000000000000e+03 1.040000000000000000e+02
1.918000000000000000e+03 8.100000000000000000e+01
1.919000000000000000e+03 6.400000000000000000e+01
1.920000000000000000e+03 3.800000000000000000e+01
1.921000000000000000e+03 2.600000000000000000e+01
1.922000000000000000e+03 1.400000000000000000e+01
1.923000000000000000e+03 6.000000000000000000e+00
1.924000000000000000e+03 1.700000000000000000e+01
1.925000000000000000e+03 4.400000000000000000e+01
1.926000000000000000e+03 6.400000000000000000e+01
1.927000000000000000e+03 6.900000000000000000e+01
1.928000000000000000e+03 7.800000000000000000e+01
1.929000000000000000e+03 6.500000000000000000e+01
1.930000000000000000e+03 3.600000000000000000e+01
1.931000000000000000e+03 2.100000000000000000e+01
1.932000000000000000e+03 1.100000000000000000e+01
1.933000000000000000e+03 6.000000000000000000e+00
1.934000000000000000e+03 9.000000000000000000e+00
1.935000000000000000e+03 3.600000000000000000e+01
1.936000000000000000e+03 8.000000000000000000e+01
1.937000000000000000e+03 1.140000000000000000e+02
1.938000000000000000e+03 1.100000000000000000e+02
1.939000000000000000e+03 8.900000000000000000e+01
1.940000000000000000e+03 6.800000000000000000e+01
1.941000000000000000e+03 4.800000000000000000e+01
1.942000000000000000e+03 3.100000000000000000e+01
1.943000000000000000e+03 1.600000000000000000e+01
1.944000000000000000e+03 1.000000000000000000e+01
1.945000000000000000e+03 3.300000000000000000e+01
1.946000000000000000e+03 9.300000000000000000e+01
1.947000000000000000e+03 1.520000000000000000e+02
1.948000000000000000e+03 1.360000000000000000e+02
1.949000000000000000e+03 1.350000000000000000e+02
1.950000000000000000e+03 8.400000000000000000e+01
